6870652
3012294
8999914
811159
6497830
7958222
8512388
5920523
9520489
8903601
5173238
7590185
2130275
9294142
5028227
3423447
6588735
6356783
6768322
930082
5763867
8831823
1207028
8570907
781066
5856575
6766361
3606854
6518918
7160236
509864
3419873
9043480
5633637
5383023
6404833
6505053
3689266
3335787
322367
8831289
1016723
3983029
4722296
6252403
9501165
9797853
3518388
5480545
3854560
7152895
7810899
2762640
2722621
4868386
8677116
8794620
4481237
7286077
6464434
3970696
2843999
4481513
6221539
6067545
4042269
2947056
4626370
1863820
8548197
5448031
1657797
7535237
731353
1429194
4730180
4725959
1856039
7981605
1215935
3347757
8181137
2600510
9056744
7973712
6925212
6582512
6905361
5825851
7865188
4454951
5165460
9179647
1491167
1828747
2164069
338317
8363765
3925970
5437285
4168521
4323660
9793748
6097134
8017153
5405334
5056806
7163874
2197450
3687023
33397
8779973
5522291
7517030
6297319
5097508
6227015
2375151
1160304
3342329
8941942
1281367
2406282
493200
3224829
1246965
5930450
6154899
4631536
9548036
4216309
8355758
9121709
7572792
1236966
9246475
8695681
4793970
8237803
9756281
7132149
385671
3468539
8900440
2549472
8056604
8666887
4149647
1116972
936044
2584972
2746855
1604415
7262717
942887
7889756
7215453
2519880
7290688
4409830
8775078
8685057
655953
6919923
1104069
2681924
641093
2775444
2191911
3858837
8765812
7758053
4162289
1037479
6211699
6919465
8513440
6535377
3074409
3408552
7525475
1950641
6557450
6160916
3236288
5053727
6096335
6755212
3144294
2262333
261024
4113475
5844630
8321061
9643745
1590132
8540169
5088426
3075917
3916254
1342839
8113260
9244709
1145398
386476
24679
1931458
441085
35904
4150286
4999592
7410020
1851129
1248371
1016122
2636046
8186141
8900584
7345587
98447
24803
2916599
3183949
6699831
5823971
4402063
7375860
6392258
4414228
9758365
1979880
1390495
8386363
4725162
2849786
8537303
4961380
8060063
5255040
2522093
7603303
8331996
5085577
6978320
6320125
7360597
1082410
5995530
5641205
963219
6227033
2677677
747413
3756103
8058555
3353917
5149688
3418460
1423630
4303766
7704862
6688971
8439226
1185775
4784993
1633862
5020067
9854582
2984606
946734
3645205
4705994
871295
1678237
6997570
5079203
7414372
4430418
6670310
174512
5299794
6924570
7045179
5770962
2473183
6137783
2420195
885137
2749234
7880549
1350272
9153910
7204145
624595
2765132
2880354
8170338
4514957
6147940
5535393
128837
7843137
1676586
141588
7471425
3596959
35616
8868327
2175735
3382253
981857
9205594
6839532
9800454
406947
9924700
622672
2937622
1827273
9704849
2242064
1734310
3355348
3534598
6655205
5623594
8244024
9843491
9125365
7099055
1620909
8688219
9349146
2684922
966862
6565057
7007256
8344336
7026694
5719978
1590512
4515298
9270338
5132492
3306390
7311504
1912620
9534148
5413275
2265577
4602967
1408701
9770205
9642932
9945844
6400780
1412795
4011078
9640846
9576647
5421413
3405634
1772651
8917148
6270866
6972319
1336288
3505248
5010974
9118210
3431760
2733848
3560556
4951068
8454012
7944526
5745559
5757887
2156912
7914389
3420096
7211368
5870800
8516313
7019737
2028859
4518854
9268906
6675946
2584460
1827377
4571504
7974079
5465215
960864
8070976
1890152
2951824
428042
6039803
9329776
871689
6372615
2997380
4841681
9312067
2671788
2869927
1290680
2490129
7529223
9832119
1741287
1456955
6797112
2342219
6309424
4544013
3896312
953318
6199059
5993540
8196338
6481609
2041904
8959505
355964
3888546
3665338
5333974
9754687
6928572
5878260
8285445
4010587
529347
5345378
6019676
3369615
9342054
2452375
1372277
1035928
8867065
6870873
1152484
4907106
2703479
2915942
9379130
8940255
1922383
9642883
3008069
9058664
5226807
6733130
6818800
406281
5913788
3059577
4483259
1533739
2345195
5529401
6658682
5369116
9017021
1152713
6571602
7248725
9524475
8953412
6821388
1650110
6025546
866156
27883
9697459
2581104
1739595
7771328
9116940
3596734
2251832
5192858
3009396
3141686
3119883
9323080
7472767
7360727
713360
7867118
4424330
8057020
7408125
4630457
1266234
1301145
8639252
7877504
7293900
8154244
7080242
6591389
2276840
8761661
8464750
3991757
4796390
9027180
8776282
1173365
9832028
7541450
1113632
9552484
2162366
1305064
8035541
7036988
3476249
409976
90276
4033412
8835878
2262689
6086779
4250959
4039250
7191424
6350223
6747295
6105299
4417641
1037027
1904933
6801845
8500741
3170751
6182267
2438615
8836961
3792058
8105916
6913040
1732330
3857346
3737527
8227661
1472184
884921
6092416
9046838
6645298
2015400
1339970
2153447
6244763
5766894
750704
4733839
8119343
4244301
2703023
8873835
2636660
4223217
5054273
4235641
2169722
3598752
735332
1142867
3096150
2252792
3255156
8097961
7725517
5255162
4363885
9935933
5081589
8498356
231772
6864085
7508991
3709306
8545951
3954405
2570852
2909082
7201849
402641
2004301
527641
2252711
9788157
1238941
4840423
9353622
4739490
1153259
3899711
3421107
6695591
505259
8957538
7947199
1266436
8256431
9816169
2276243
5642966
7358858
7288063
7823332
7095461
7060515
6255101
2992476
2358549
2457050
1847531
3594242
2443422
6006318
7059318
6741557
7383057
6013633
705997
6462093
9911092
6866732
4783957
8494296
6802002
7701998
4722788
1286277
9557234
6343766
2380549
5706032
4786057
5986846
8237468
4229738
5690024
1614194
7106205
7456852
6525739
4556610
1759304
6404886
6296897
558914
8477961
5440024
3535071
5053242
8951647
9447111
3123110
8512956
8533300
3054376
8850197
2089164
2539644
1158900
5116714
3496981
602192
8908350
9084104
6737442
3354398
8906542
9169598
1111999
179075
9792274
4914893
1265280
5832037
8923214
3145201
6174472
4153293
4918639
3217590
4442576
1126236
8453109
1515046
4317210
5647339
693802
2392463
4731848
2287485
5652357
3413243
7171537
6142266
2959326
1749357
9643392
9780863
5892857
4267799
4546145
5603793
795840
5673030
9584510
9858527
6292711
2255229
560924
8374259
7702811
7527616
5075955
7989509
823281
1091525
4347285
4623256
386089
6755540
9307590
7758743
3358991
7641556
4129165
7882739
8065378
6960143
3195223
3953467
4135487
4198194
4879469
4083033
9344516
9705772
5200964
8179001
2195396
3782055
673503
6093615
6411587
4942603
4850962
7906607
5623539
5097565
7712390
4033200
6608011
2526336
7521976
1383411
1369607
6075528
1269652
9250622
414103
551685
2444793
6494753
6034426
3061427
9198090
9666763
3554756
9041952
4998851
4839593
1394820
39315
3993209
6762633
1356436
435926
5194568
325333
5427277
979386
4501944
8770280
5994669
6606671
7242337
2695528
9043834
8644095
6990111
2262979
6487849
2343813
8262528
4146962
1539645
6328138
6958158
3780712
59893
8726790
6396510
6829068
9497920
7450214
1044506
2503337
4801978
3006298
7187837
1841879
5961690
1972567
1243538
1273541
3127396
1259962
4025351
2050089
3019343
9639690
7385135
6433210
8452549
3883263
4843357
9230123
7164425
7679212
7633485
4269010
6617944
8905483
4311661
2059808
3935824
4196394
2398409
2861904
5772185
9137019
7737283
274291
8841449
5870257
8346015
4858929
8456353
7228097
8139512
8264175
8275124
6125630
8999787
1377680
7277163
1778596
4120331
3031599
8900553
532285
3447359
8269017
8531599
2716145
2410770
3098775
2808425
7448617
5535539
7450914
8057592
7610716
9926771
8014535
1846156
1823211
2061201
7464414
4921460
9500597
3874521
261481
5888704
9483640
5763331
1038639
2472648
7658371
9943402
5984470
2521694
332542
1125296
39848
1327352
8448473
8380225
3174807
1355948
6245130
1284462
4540383
7755163
6781212
3502080
9984573
6312312
9399129
993203
5478263
4340731
8975555
1293046
7301795
3005957
4839263
1815692
735688
8087469
9102805
4280286
4329301
6693511
7707165
4652667
424233
5590543
8170881
7975253
6950230
7416102
1636902
7598984
107274
1259240
8234145
9976215
8331768
1284190
2283174
2491958
2904544
4755847
9818901
1428131
7754212
9582389
6194185
4579386
2381864
7282465
2460775
7271445
722487
1559085
7267451
4964537
3372439
5295155
2873282
1447487
8527714
1662831
594412
8506009
3723985
5194267
11457
6033520
6045700
8968021
3631806
337676
6019005
2951381
2331942
5627923
5783942
1603724
332499
3754205
4348127
5385747
4130077
4997640
2521346
9290350
584271
2694828
2595516
6098297
1247187
6758321
9313630
9057568
2263579
3514932
2064954
9117049
1039772
6708335
8634244
7507993
5333839
5140838
8384241
9164995
9623953
6042739
9024446
6146949
3299585
7308437
4134884
3204312
5674960
3983035
7284877
4681368
3219610
7373965
4303331
633482
3135632
6269179
5445356
530016
7405190
8923801
5533866
1407435
5349597
8849111
3515942
2723518
1429905
9675460
8184750
8726609
6915109
7856115
7685789
2151102
9885403
8911689
5202671
6272776
706771
833521
5478874
6003228
6215895
5929657
1513357
945494
3072211
5932611
3984684
4054523
6794381
4004788
39057
7676911
9463738
7797432
7846824
6136337
2303927
1659784
6209932
933886
8862647
9529830
8065017
4956638
9816310
8175693
7929655
9118303
1341924
3539289
5257169
2994394
4966861
1959356
9261113
2347398
7865017
4987393
4873795
5546568
1151603
8141952
7825001
9179160
3600653
6957920
2481656
7015382
7440961
9384117
1479775
2855770
118836
1309271
6072182
7053237
9360007
5287343
5198895
943582
1467196
1587982
8310692
2222642
8992285
2977284
5725431
2930256
7772105
7906286
2156072
4128396
1722988
6815759
6865464
1336441
465643
1621630
1631
229665
196111
3151402
5882520
9023996
9891389
2815161
5761694
4004913
181743
7574020
4128643
7894118
8213285
5349411
8013172
3395537
7597633
2324103
8095518
3817566
3645272
1497967
1279084
6380809
3685208
4684661
5507940
4926376
5653463
4880846
6993388
1317502
1685355
6128736
3246344
7656177
6273013
7507481
3082552
9745888
7116214
5469436
5420589
9734721
7296222
4847094
521230
4742710
6293351
3723920
1222749
1664191
3040995
3955752
9365922
1133683
6077060
486024
5171769
8628221
9452999
9273031
7042129
4098682
2590114
7953073
6245637
5656351
1608318
4664787
2521372
740426
9032371
4984095
1611165
2274646
1654224
8637588
923753
2651763
5002197
4513251
5811506
8432492
9315038
1328400
9384392
6813912
9266769
1618652
3719718
1876722
469005
5069643
9796584
9697960
5451947
5693867
9686583
6553022
6398726
592426
8239255
341515
2321207
9066345
459812
3589414
6283930
1112705
3260184
3912117
9970540
9035675
2472606
6734639
2064119
5169058
5943511
8040228
556419
4438867
5646132
8015855
8040387
2958458
679797
2202359
4977210
6828482
7582176
2367060
5205490
9201168
1708936
4204090
7681247
472914
2726388
1237464
5271456
5841209
8393584
1170692
9775176
9243140
1343141
9303205
5864411
1065760
2475512
3562758
9872046
952561
6533277
4814818
4350837
9539292
5521361
5655849
237313
3675158
7438023
3301936
8718267
5473554
2376859
2273173
3539123
6390368
3508263
2803316
4638778
2719350
6719138
3604120
6566375
2688542
5735596
7512113
1675389
7709317
937768
4087616
3878641
5644766
532831
2034992
204963
8366680
2586484
2757017
9107135
8982169
5751314
8658006
7735149
1942576
9321094
8250111
3417886
8201934
3234581
3485118
9857960
6461866
8766304
4394010
5380712
1719902
9903055
5914320
7077817
8651869
434557
3671429
19695
688335
1575077
8862419
1161465
8729821
2052943
9716320
8478973
6033198
5378877
3131743
256162
2901005
2249373
6086523
1968168
4307266
6474527
5089372
8502791
9012685
9492937
1834973
6595779
9705755
6578940
1732234
641791
9936528
9176184
9016049
4220540
3738651
2287865
6195059
5978705
6488611
8447527
6869729
3134730
1287319
2736030
5101681
1936302
7287208
5589590
8108054
7389160
158217
748547
9254968
6692487
1323340
7103602
1277499
2056011
5607503
2523424
894291
8288412
8659374
8056722
7825879
4175369
2861815
7871770
4157740
1377884
8391496
6077680
1974681
7602186
835558
1672918
4755194
2729699
243828
3467246
3454446
4740422
1460822
5884205
6422914
4278158
4113472
7009577
3490512
7427184
7330945
1327875
2580518
3167674
4860631
8485894
334632
9487092
8938870
3488725
2733485
8828817
7210358
3769496
6003137
2488604
4103136
2255127
3892918
3879757
9896011
226833
6678554
8940069
8888503
6552923
7521675
5348802
5617248
3483389
5844967
6237702
8431271
6387177
7624449
8539425
1276430
529058
1525470
4672927
5802274
9617397
5825449
9181195
6765580
1223409
9106650
6766953
5754451
4524507
5261353
3664198
925809
2105815
7825996
7357156
6871413
1707989
2830620
7066723
8395093
6299571
1258953
2667715
5410516
2187353
9806499
7525671
4111650
3778437
3511887
322876
6710662
3711310
3148049
1192349
467557
8644012
9689561
8089905
5354451
4832465
4179105
4345172
4597920
5662907
1291843
2478606
2506495
9959892
817577
8754070
2750504
2638658
8190315
1723395
7928691
8538817
879722
4858066
4184795
8645184
7158900
9719410
6790714
5756138
447177
1349431
9028217
2165537
6287971
9029786
4441287
4036117
1864697
5401525
4488853
1039939
3431481
9418306
3393231
9785789
8978625
7046574
1592631
4248573
4681613
8847187
1295718
5917810
2259407
4549891
791271
3037897
8063515
2529977
3879005
9117839
8473344
2525531
2034153
9787388
3375510
3180243
6107793
6906567
3099587
3579652
6486496
5098579
8554623
1546442
6648928
8787474
4053324
2990297
5147112
6470746
8098281
5418051
4140156
2283354
53586
5813170
7350820
7263544
987509
1829624
5510386
6957168
2899909
6485706
8440787
1748812
7874789
9225381
2810524
8871741
739586
7370476
7861568
5866300
8372672
3742345
1340020
1771646
2917889
9914733
5777721
608053
354841
1152738
4492665
4776331
7559782
9446824
3075535
8594908
4429718
7041653
5177677
803029
3239152
542789
970555
5606795
3564985
2857314
3901991
4233411
657297
2233758
6407866
7480679
5144340
8488326
2252641
477634
6866831
4366437
2084571
9268262
6711501
2471580
6881870
5052255
2719245
8073131
9965811
8394841
2384745
3327520
1556965
4693730
2110870
5633826
7426389
6492338
7790429
4303457
3076267
7398577
5642879
8303165
9033028
7419714
327634
6887022
6092447
4428579
3447945
640874
1262538
4878993
9588345
8400312
5463545
4366541
8902633
8943657
763486
1793761
3847872
9646554
3251527
340532
5861540
8487801
8530813
6534561
2671314
5406566
3540244
3002550
8768968
3464557
1490498
2752110
668012
1639536
5815998
9331548
1126237
7340876
3818248
3358118
3711867
2394190
3819146
5455299
8981794
4874929
4961810
1843241
9503422
1617016
5664282
449010
7620291
9023852
3020644
793382
2851566
8424901
9086933
4972432
6623354
8136646
9684383
9993474
957711
8933276
9764871
5776748
7133907
7169753
7269418
4843563
5301153
2705955
4781144
1277821
76653
8539725
4872944
7947032
2050942
1984302
45137
4019503
8213300
462987
3111849
4620758
3657177
8822661
4612521
7918942
383903
6129673
4660406
911311
2299502
28571
3126641
6612490
4391660
5767825
5121040
4841244
7277207
652136
6057608
1776157
4405042
2010885
6555300
6140101
279890
1550411
5786640
4874376
9878412
499872
5361122
5466309
2152893
281230
5047492
5546575
8034084
4353547
9420673
412774
6171164
2090805
1627164
8708468
8784184
6714279
8356989
8764770
9735222
6490352
4651395
8302911
6818799
7664245
1012613
9829350
3688351
216849
7090564
8012761
1033361
9871769
5732255
1568593
7099000
8087736
7236377
8191723
5657923
5714625
8048055
146606
7769341
6347814
1925140
9981987
1959543
1993086
6811766
5482636
5701493
960436
9870875
6581365
6111089
8789487
5663738
1605572
6554581
2392174
857111
3558047
8834929
8897417
8390307
544695
1611273
1481013
6511288
8953448
8439535
6077861
8994738
5273169
1728314
7870303
4670282
7547827
4529316
8277279
1663502
9379561
6344712
3620771
1637281
6786681
7857073
1890316
5413678
106721
3241950
9588572
2222984
5955646
6892016
8099017
1913041
9451565
8012484
4557552
8064044
8634038
9803877
9625218
7721310
3952349
4013454
3119190
2214293
9940853
3321484
7374380
1456288
1624644
9326116
751496
150614
8901118
5129376
3876458
3645290
9455590
1774883
7025745
64630
1724153
1883763
556607
5818447
1026045
8994173
3377088
9213236
4443571
1262421
3152239
3156624
2371685
2164427
1045424
7158732
2917844
6330736
1961331
3615473
4349720
7383262
736047
7417962
6817952
518651
3650144
975147
7719864
3062651
9739247
9509931
4009272
1485260
9284031
1532395
3679750
165222
1747348
2581351
9187705
513234
7173612
8377390
5352058
813381
8409958
4779082
8401927
7057384
5652190
5738220
7095314
4411833
3026226
1196825
6168229
3831572
8687985
8651477
9101184
5642721
2412490
2989298
5354634
2328073
4819301
4092318
99074
5817761
3592949
4241636
4300579
6369421
3115764
1875189
934549
5377097
6627344
2673612
8510588
6078861
1529252
1800448
8237522
2252302
5806574
2452257
9867559
7853855
4036068
6296124
3975830
8504749
7531863
4675141
606452
5785352
7917164
8364819
7128398
9146977
3118744
7804002
4917193
9325606
8441603
4015073
879234
750681
4169225
4228207
9424351
7987040
186064
9724513
451193
6740704
2095204
4741906
2780524
6890254
621327
8428850
2462265
1214945
7599094
5098992
4698263
9070424
7024491
2997647
8524717
5448300
6793637
5981921
6329046
2102471
1058625
6713622
8475330
5253630
9235161
3293115
4564948
4087127
9662229
5455249
1430240
2423459
4171706
1027506
9068052
4582381
2516551
689590
6731682
8952604
2885227
6092851
127209
6159702
7491791
7686051
6492924
9272416
8725626
7483764
8565404
6720681
9755329
6441685
5017293
3007337
8884794
6143346
8115381
9048395
8301646
3243651
166467
2757893
6144360
5274118
5836408
1349288
5418284
5801232
3473705
4208035
7083145
2263377
979180
1960576
3449146
4920510
3116230
6201808
9673022
5073046
7138243
4794246
3023584
5245482
2414962
1835188
4070832
1906422
7168728
7863484
1187236
6491564
1280516
5727620
8947346
4459201
7423856
2968728
4502933
1003476
567292
2970488
6250101
915673
2640345
6427280
3888185
8604718
7734898
9624935
9312043
696946
2948530
8417400
6314419
5321413
4578159
7339750
7742022
8118301
1863154
4954609
220275
6814365
3467117
844845
3517637
6993726
2253237
2158300
2101764
7395942
9815968
6583742
6828365
7697170
1706243
9808889
1075051
4740177
1174047
5474663
2798222
810841
5781794
2328735
4938828
7395551
183904
1618604
9174658
2803801
4988026
644370
7437819
4556727
8022427
2351935
2810779
3095913
7766919
1847515
391438
7987983
6758433
1196013
1514240
445272
5538552
729797
3171872
7249492
3004430
2754308
163754
4668159
4451138
3216617
9544400
1371508
9932857
1695347
2848895
8278439
1337673
2565286
2332613
9071922
8821032
9726269
5243472
6999921
823128
4928780
2852927
9930025
6768329
1759943
735832
9292309
9205695
3343681
5988314
9264038
9716560
6932580
5376951
4383348
9241612
6908419
2182127
2810855
4729351
9872084
2752607
5135322
6358047
9761895
280238
9025550
8385371
998573
3712043
6001738
5268579
6342424
8153404
9702975
2440053
5258107
183388
4239046
9723049
4955877
8984373
5163062
7452435
9139891
4945228
7986847
1857952
3012455
5297115
2107283
6321
1190729
6444780
1215215
8723762
962161
2276168
640914
7572697
2279699
4615015
4967735
1424706
5592656
9011931
7176566
2684461
3783604
709753
7360716
3144055
8012579
9481607
7255640
3988952
4301150
1577292
4634887
7857479
2870000
4917718
6136262
5560128
7955574
7242625
9401912
9608828
5157890
6168324
3439045
76103
5520346
3863998
7170766
5559977
3668190
775185
7309112
3791693
2775794
5489792
244856
2610808
8157223
6350640
6131720
2477553
7687789
1074897
313539
2933055
4148838
7876217
8032417
848429
6424320
904301
9374919
4249607
6887593
8568306
5967137
2691634
810540
5854633
5342538
9147063
7690110
2692729
552795
7152189
7995568
3402824
2857071
9756279
5023905
3454001
4173583
6791897
3521
1648630
3359439
9234913
2476589
3505643
4845820
7096097
3747556
8116856
1168316
2566977
2858880
5979876
976248
1080374
3758890
7717504
9187264
4402548
2980077
4920060
3711333
4279546
4144805
2315666
64200
6338892
4170955
7994516
9720953
2337197
6564271
4423335
7030570
9826589
3813891
7932173
799109
4832762
625816
8387614
105656
3384308
8871849
1099709
9170530
2263973
1646751
1412586
4353181
4163686
809140
4995236
1884440
9202933
3417309
8295634
3863672
4937532
6835832
401401
3631751
9738395
4385935
7921457
4046925
7848831
6068046
8308049
7715914
2022198
4820121
8702710
9787414
8456848
7505750
4297631
2519297
8358253
125256
8375159
7646983
8815579
5462135
2075877
9673385
461774
1309775
8822176
3729114
4276424
8910735
5252417
5766936
1983974
7319284
1044764
5740616
4522642
4809128
7743314
3092331
3291767
3627638
7732148
5014453
6822716
7173970
446914
999401
9438983
3164218
3865579
89743
7880834
5041340
5771805
5008397
111739
8276966
5954585
4934751
119789
7744059
6754172
1895688
2792275
8747607
7630606
6918977
1410551
9500340
9786845
4528961
4299986
1154684
605522
4132833
8199000
3806407
7581620
9958471
8862413
6178619
1065073
8513893
6346801
1726094
2464701
9486393
7639105
8306623
6859815
727803
6214887
234573
2608678
2861472
8506301
7649143
3865935
7295186
983411
9657765
4793513
882107
6212954
4425645
7382240
1012118
24243
6328914
3149725
5677383
4946057
1625354
8496463
9600884
8291486
9875760
9573817
7741167
157042
1239595
3726567
5888927
6233887
1580559
8002880
7747510
293495
5635863
1128085
7239670
418440
1251033
1189374
2486538
5696382
3789671
3985714
6583309
6438990
3252095
4159391
8893357
9171408
5062329
4525294
5903892
5166048
161088
5146280
5814713
3222406
191722
1374678
6552280
11555
705812
4119839
1736443
9246206
3630818
8809279
7055089
2451539
7916575
3251135
4765284
9967015
1927247
1330510
5884473
3867864
7726694
8419218
1590352
4134285
4194740
2045674
7546249
325423
407957
9484337
1002503
3090936
6015065
3613080
4959226
8800673
4704136
8544966
4225955
893781
459663
5830202
5841994
2384727
4062309
6702187
7502672
2846685
8673628
7476626
5478322
4116976
8485868
4053693
3734837
7289319
4886125
6754847
1754770
4892157
5642313
2436507
5783715
4731420
8740194
7761138
9339269
150250
9726255
9133608
5639142
2825011
4252807
4417374
4499149
2955258
3306023
3823977
5961916
1590686
5475339
4276194
7513253
3947312
6176264
5818688
2878678
9669923
5372850
4420533
4682391
5041759
5128232
2780821
7633669
7539551
9350976
4865759
1166738
8691715
6418497
1017349
8985750
5046910
5703290
4774904
3934024
5104336
9708220
1715906
667659
9236329
9037921
1614545
2022975
9782519
5916317
3520455
8333837
330353
6385187
6995973
1117489
816410
5549028
4927555
6047556
6747633
9827876
2000667
7816895
9086866
1943003
9284524
6071424
7898024
9232831
9890935
9365047
1682529
3972960
1055450
8575369
4140807
7349750
3792885
2779127
8039467
6876029
4598892
4135551
8509011
9574225
4660034
3142463
2765699
8733210
4917430
9159605
6603496
2068978
4882442
520576
9416838
2993041
8827997
3962778
8016660
3558818
2535945
9609411
7448718
1002373
2029173
7899675
7097626
4786258
874914
6953301
937488
3630296
6806474
7251819
6742905
9443514
8813572
9950354
6061891
4030805
2229816
5998636
7908623
4761417
5152405
8726969
1805089
8080549
4934618
4857952
2035915
6816750
1949725
984186
7459222
3362821
6462896
349995
4488447
5688273
5242256
8404248
9657702
9886251
6638857
3772457
8021342
4471258
2619794
670551
4521167
844502
4812162
221388
8276393
4559031
5917098
7235709
1415184
1044269
1724638
777978
7725892
907186
7955330
9255949
3358205
692930
4236257
2522833
2176723
3284348
4485981
124059
2947383
1577291
229155
2291182
3429514
7279814
7881203
5183720
9841245
5207786
1915469
2990969
5250267
9128734
6539283
5603817
1199208
2628031
30670
5912183
8668914
3944949
1949178
9243582
9305994
7545772
756279
3030835
5897489
2128998
879117
8982338
5565190
1129239
5567022
9077990
4544222
2749776
8537196
2567260
5061301
6891594
6020536
4232331
6538558
5911091
5594861
6249415
4254327
9429853
1914177
1601430
9052016
5684953
3660676
8208154
8602764
5250129
7846683
6909498
1415805
296656
1549626
9303149
3978125
9065608
952117
53455
2094808
95431
9238536
2005532
8576236
7404886
9092575
5641474
8869595
6706849
2210794
34238
453313
5219994
5996378
7644126
9699058
5593946
4333996
4387000
7447213
7936304
2384632
7450340
9823292
116004
7597621
9126916
498939
8078110
3083087
2138746
3349037
995294
9522770
150429
4375820
8624098
2063800
6989760
16609
9061604
7929380
3918775
5161532
9693707
2222256
1786077
4242410
2562915
1250428
4643024
6604822
9253922
1721155
2300815
404872
5498505
4038052
291808
9566143
4847884
4038424
3430651
901519
4668259
7107541
3502276
6274248
3905808
104247
7567006
6538851
5525743
851369
7168704
8319378
2069778
2244418
6994498
8131523
1629382
6133440
3853718
9821063
5714452
7913307
6720566
2923660
9746143
4938444
7141727
1092827
4898188
4212201
4064422
9366921
2939179
8766163
2024223
8559799
5312173
9281495
8670183
4414351
2219249
1100094
2135781
2827319
672730
2653478
2371166
4988849
3733709
3223499
1920164
7209625
4746747
908034
8856055
4256557
5067711
1450896
4018415
2241580
3630332
339800
9224722
6954595
8464355
5342254
3931937
6289412
5531962
1272878
5459190
8974210
2095537
6066153
6877600
7558856
7579406
7809173
224098
6493759
9893038
1831101
6835663
2521494
1452288
8923619
4046466
3486028
2273265
3575505
1060357
7192544
894794
8375418
9955975
6494427
3047692
6009064
1484086
6433887
4134373
8648755
6495482
3093370
5580386
6381336
4415247
7031746
6881319
303747
139063
8323752
4423050
6752724
6251566
7287453
4397506
9051354
734563
4280732
7650403
297722
4426362
1705290
6277384
916041
4288952
1132504
2786775
7160813
6027240
2216274
376287
7593415
6060774
8105842
1783553
3098526
7938498
2149681
5081784
5986592
9232361
4840099
7389889
5915962
5000011
8663024
8543004
2496601
2394470
3067863
9620614
8616583
5130132
2248453
1078454
3153148
9267141
6029108
7737181
4409287
9950155
9776624
4021611
4146002
537066
5434704
6834391
3991446
7015454
9148308
5132753
6416037
3951400
7645895
3549288
1567601
4342835
7572648
7361726
4244163
4656141
2875567
8636111
5233772
5991727
8290018
6178789
300379
9794769
7169950
6977212
816698
8817970
454310
6132614
2131599
4676694
6885774
2594356
6252856
840837
5823302
5766970
7693941
2451750
4287085
8832965
9952294
6236732
9396470
1202258
7364210
332920
9884858
7793686
5243914
2114208
3515722
3235753
2734593
4363246
9939082
7650721
8521411
4567782
1393057
997565
6862810
6491003
1723330
6363689
6483556
7312307
1093288
1074740
5476987
5092855
8483818
9188412
8742896
1540561
3116769
9803538
7967247
4351590
623487
5536399
1105457
5150776
6425285
2316412
969135
1826689
1111712
9271845
5832049
4557920
7895123
7774719
2549199
3707958
8947233
6144502
7722324
2333237
9652452
6580176
4973812
955490
3919227
6055076
319764
3578630
4208607
2499531
3953270
5453098
8335503
5985909
2139987
7820647
7008195
1247044
5988006
7709366
6525331
2837883
6883269
7853034
3472691
5982087
8314575
3009460
6470017
3059137
2281537
2394333
4202746
255389
3764355
3275465
7829207
5271808
5557209
7797019
1261639
4281650
2078203
7342433
1325336
4234862
1422368
1491251
745390
2603999
5590728
8302342
9422468
2717578
4800895
2041697
4056426
7879071
9977580
8099764
6511890
6548304
1345182
1004630
527336
625630
6422051
4340696
3611670
2182232
5696049
5577369
3863483
534962
9182515
5893702
9660861
7595021
8547448
32170
8575504
6765858
3108913
3906210
3454222
2700665
5728967
2004543
2936600
5393172
6266847
2009561
7863106
6816600
9312235
7159059
4736626
2290046
8848913
5436343
8127667
701924
8541348
7690719
8539267
8713146
6811551
3084499
7208820
7858721
9931081
9292159
5291224
690740
1848858
4295046
1479722
7761122
4797873
4633167
1202124
8138579
5585532
3195252
7737651
6815373
9340648
2823945
9539602
8122742
5938266
870007
2634186
3207471
9689142
2619246
2792125
3261662
9494702
3163020
9869247
109836
2446413
7258536
6848671
520548
3835883
1499060
2528196
1508222
1762495
4045010
5129270
6127735
308307
9332936
4220777
2768217
5534377
8780444
4653755
3516890
700573
3993345
5641946
4310150
6811878
1993609
7861292
7249579
5356904
9915192
7292070
7575490
344792
7931900
722947
3476956
6758500
9056305
5873592
6656820
8076695
4850648
3844577
9368631
3428673
6233247
320924
938506
8801054
9204243
155287
1086324
1956174
9973006
9622471
6413957
5131295
2599425
5032022
4032449
9387975
323384
1927616
6619959
3336352
7504027
7809842
3132805
2555731
1680132
1759005
6812616
8073887
4126934
9557673
1154016
6917103
9075816
7772926
7460165
8732491
1942933
8378308
6919334
8006421
4351025
6259279
7012052
7790161
4489383
6024488
7209786
7096568
5960356
2848812
9731912
2522882
7628856
9372698
3035495
8668808
9345957
9247388
4163694
1060037
9524230
6530395
4713354
6320330
9215233
708156
1533034
4474251
8232939
6146703
9846273
6300152
250389
4136456
1583102
2456500
4298380
5881169
7563718
5077377
9689688
4705933
6967006
3231854
8241422
9727176
2941502
985807
5771290
1988088
7476370
819624
4747008
4883726
9135868
6378797
7168518
6755022
3775121
898608
4171613
4928087
9185877
6106546
8340863
6875853
6331062
5002894
5755182
1531233
3640079
5201711
880878
3034196
8709268
480255
1269311
3224941
4012831
132866
70149
3143385
8593638
9702218
3216209
2098156
7591873
8874186
1298538
3902533
6756026
3946128
9039400
7687464
7748865
6836306
6858057
9664456
2976655
8799933
2088904
3363182
5440288
6211411
4422236
6368608
2981337
5501501
8493033
1240667
8410063
8759598
8273058
3894719
8691919
2185639
4498357
8545189
6758548
1704788
9860072
1749584
6128981
9383860
4103261
6940571
9263957
5278247
7307134
13291
6764034
3459654
9361598
8436003
2014397
2671412
258211
9444178
9617313
6132185
9255493
7443741
859385
5245212
7993514
5139806
3562375
3503197
2538412
8168993
60338
2584020
3394983
4781113
6600762
4608783
8415383
5201545
3020783
5265797
3903962
5223763
1926523
672105
7999845
2520615
8017529
2344362
3573192
7060962
4627091
5731193
2117478
2630649
2128032
4462246
6379092
8265034
1024556
9014860
7736073
355541
7196904
1742571
4514807
4664205
1169823
4009355
2253861
6476807
9547780
9928690
3680386
9012726
7302961
1093055
215825
4957114
4168803
7105045
9966201
1008972
2342784
3344033
484349
4706053
5632236
4681251
1040193
2003945
6237625
1348003
804048
4134811
9361830
9928711
4681116
9452990
6529434
2331156
7378098
2551287
3073454
3712201
2512009
4143542
9462125
8133784
6598058
21921
7357893
1612430
6832280
1390935
9543987
6001692
2505978
4327789
4222004
6385908
7333683
1949806
2362044
5886282
6051860
7219941
3718041
812323
8553524
2154677
8957327
7875756
8774529
495329
5299213
3482597
174120
8575817
633027
7477246
1834839
6657936
3837801
112999
3740981
1202116
2214994
6946919
80215
7485379
1063339
5020938
1899722
3555133
37388
9153484
6158595
6795700
3355768
1630411
2212473
7639282
7272863
7317433
4618429
54645
3758831
3637772
9945464
2126142
2187080
380936
1634719
9515886
890387
843260
6043503
4480564
1278403
6746382
1147224
1873705
4390881
5437795
5348879
2995009
7183359
9586414
2641829
6113896
7243711
6082838
4601357
2569298
8276649
8582746
3110729
4133225
809353
5696064
4761550
8278001
5253188
6318616
8260512
2530962
3220740
1841940
2413156
916981
8663501
3324773
8089151
2178818
360977
6717999
6312045
9718303
6110737
1666789
6499204
8976408
466667
133196
7704075
4732060
5046136
5518907
6283832
6285280
9351617
2465488
2744109
7858914
634146
4921859
4689944
302765
4401632
641982
9849884
4025328
7120771
549065
9176507
8686584
9795074
2655697
6406507
5351507
4223126
8269867
8188958
7397076
5639935
7337720
5821669
9094183
1181485
8766593
1534918
1927764
1977917
6470778
981008
3782696
6578535
2819767
6115403
1921257
6592769
5285750
3053936
5802708
7832508
8553856
7024141
7974460
1756312
8254589
607204
6287973
9241453
5759968
9771674
6585095
2562201
2705097
6131676
1056836
5252481
5356942
9276878
2588916
4196405
361212
4227915
1754085
4478290
8074594
2147933
6531804
7829647
739307
1342731
5746163
1458777
8998269
8805332
1104581
5977309
951411
8009662
1136801
9100878
1242600
9959114
9607701
8414257
525128
9838672
9679694
4477326
6740902
6864290
9112678
9000413
7061610
8544533
7304631
9794798
1135693
4069998
3733343
7342412
2304198
1059868
8169489
4107364
2394242
3299689
8227712
9450279
9928347
8860680
3800063
98760
7986404
8753993
982107
8337210
9690760
7560287
2335649
8527237
2430525
4710092
1333466
9930665
8144405
1034976
8029551
8793804
4652495
8601748
1525828
1644497
410884
6364126
5091303
3627505
2771587
602487
4664064
8057216
1561558
525461
7749697
3250464
1351546
5937436
3715639
1958164
2106233
4108500
4783773
951271
3188554
5814976
6102176
474352
5857537
8987313
5612952
3245496
4913704
3712495
1013932
6927647
92121
7589501
9928860
9944015
3500318
4047354
9091852
3133908
1388344
8372961
349094
4686143
1275173
1771785
6025982
9022661
8005
3026319
2937929
7523365
9983302
585912
4547596
1072566
369385
2984933
9924561
2915089
770276
7357517
2435583
4526532
9585132
7169532
8822351
5332141
464103
1312536
4035150
1695952
7064211
1608935
8091821
5389809
1850544
6346347
922160
273922
6261550
4670806
7748115
8743206
8794752
5097678
4657888
2747332
5379479
8620967
4477917
7594712
1899052
6702959
268199
6631268
736001
5275639
3770242
3077526
5114757
6155149
9545498
6528812
9562909
2838955
8724528
484712
6513972
9845777
6926566
1715094
2097293
3792323
9625879
8591071
2402610
54882
56384
6871970
3383782
6347872
5337465
4155434
2148399
3511109
4521802
1873052
4275173
531360
8938201
8917454
4022596
2751305
3252610
770974
3275453
831688
9981445
5149215
2086137
5170303
7813318
9440780
1291764
6282599
7999770
2715123
7966031
8303205
8678721
4793192
1036524
5679476
7777807
1539144
7404676
9247689
7411462
7185748
597594
1212053
1988758
7484299
1326475
8989109
5092892
2230402
6946464
4096726
3807055
7846175
1876985
6135223
1290856
1323121
2323942
4290664
8009509
9667383
120329
2663795
2177693
6886127
3232090
3638686
8136676
5228117
9168016
8231044
3082073
6017324
4164658
9606888
4332449
7881421
302678
9827479
8512896
9915787
2602032
4753436
8646628
507331
7047810
1445207
9136120
7858322
3563466
624264
2929781
9208558
1075402
5093358
9381255
5483779
1228396
9986533
948726
4957501
8801895
9453160
9595286
8392561
563911
7361395
4316342
8566517
8453377
8333617
4349522
6965542
6723049
6890230
1046612
6296793
8725155
6626993
4699726
1964758
7591173
7196256
3843064
974747
1101256
8584178
5336603
1687602
1107219
344779
4330796
3483668
2074590
6201030
9476240
7470198
6289181
9955242
320131
9746799
3409875
2106037
1022990
4119130
7180490
5872501
5890220
6356470
1685784
2418064
1005602
2443811
1383701
4285448
9036617
2546673
8312806
9029617
5075738
3419997
8101435
2792028
8899371
7209567
5042138
6366339
6866059
6259689
8322849
6315189
8851790
7915511
6255538
3602912
1603928
8598379
1225944
6971236
1206729
6216015
7443341
7248531
1008947
2727042
6741390
5466553
9310917
8985425
6287855
2211919
5768555
1097864
5491217
9056301
9489860
4392323
9495434
3353721
6134783
5915578
4220553
9506606
7119297
4885285
7946767
1359632
2612648
8308276
7436672
441848
1663530
9315998
6487416
2635647
2243641
9957471
3827764
1497084
8869241
6406044
4421082
6463393
336159
8417156
8560625
2356786
1512413
9333978
6479392
3279907
4714356
9275174
6000201
2694930
8938420
904680
225916
8976462
774243
2997536
8261223
4918699
4342451
2782455
1713691
3084052
5478437
7087096
8133669
3474105
5474699
5477904
4267417
5633524
9872636
987231
3860498
5970365
8872205
9636961
6701234
2995464
2639472
1452720
8946864
1900908
3341183
5525079
5039944
7502593
2470415
3501780
4021599
561705
5773008
6682249
7984812
3660946
2616564
8458577
169521
9782980
2062260
4643428
4757661
5678206
5751710
2554424
3095998
3824103
1314766
9881671
8625490
5038728
8366483
5807455
1654930
9872258
2643288
1169465
7489294
6314747
834108
7179547
619272
6714702
6209170
2337825
2250811
3938482
7119869
9956131
7041689
7532256
4871566
4472490
4811658
1596828
7255673
1903791
1648315
8968929
3165044
8190098
4430173
2877698
5335306
4401074
7905285
6934350
226474
7836972
3967011
8000145
1246210
8882851
8146547
4721272
1031228
6430342
4553564
1270616
676928
6235764
6215414
3990725
7506397
7356114
6749732
59457
1368329
3257869
4027233
5724881
4460231
7319633
7886110
5402978
6711568
1817513
2494988
1474020
6100886
9683590
7367534
5272431
6438904
7534210
2727745
1497384
1597045
1762053
9844703
7382107
3268593
4946692
9295512
9926566
4237214
2167796
7490149
1605604
6558246
7813961
9504859
1140083
4408890
8471134
9654549
355491
9259837
9686301
2556269
5281449
2633004
910863
3106272
1987055
1419805
4289481
2515754
3826362
4204859
5117977
5583482
2393792
3716739
8929612
5483019
51904
6537798
9135563
8999980
170894
133758
3613162
4587873
7073269
2956461
3849945
1252292
7775625
4363118
5203217
2337452
1623485
7292845
4247017
278410
1777190
7432576
3086025
8166098
6488453
598663
9534841
773183
5773523
3728987
8194949
6703743
2091316
5596360
792505
2445924
3815553
5300636
7012241
2065610
9669893
2692610
5255982
4020190
3234541
7357601
4737242
979462
6761762
1775100
967357
9273446
6392940
5520495
5587256
1403476
6140290
6900244
4740168
690898
3853764
299690
3051998
6955575
6420855
4687853
2151382
9808940
3000526
2639581
4507607
3684426
9405347
1182985
6546579
873857
9218913
4043552
2134528
9840571
7231479
5484330
2036306
3480507
8321289
9203257
557080
9642724
2727118
6686913
2394662
4004732
3695846
5620534
1473807
1692342
4789096
8542567
8651295
5950089
7056192
3125900
2169312
7156210
6521602
49505
1612734
7669124
6156906
5484119
6881164
5089874
8449766
1247575
5090575
7622683
9871361
8929829
793832
6436726
1493335
8174099
7965743
5249708
5252082
4703569
9525337
5755339
3427111
1891021
104282
9170640
4174355
6353678
4520980
1409309
1180007
8050889
1196449
4895105
530145
9552659
3153693
2370484
6343927
9266739
7732224
3056616
8990221
1824085
2324201
4432805
3491834
7896509
5077817
3493492
8576624
5651308
3565638
1192886
5932644
6086569
6774109
5018625
1060163
8855070
4079780
9620855
3765996
7374644
3996759
9607817
1609845
2557536
2489311
6992390
511299
7476304
9415869
3471891
7103466
1367654
5921744
4740391
7882690
4780945
4698060
8445445
1018296
8446602
402381
1496030
3647012
8962009
1581426
4471124
5739067
9022761
9668905
3951054
3402147
4327187
4368076
6101579
6996744
8317560
3767338
2225982
4261614
4959565
6456434
9336657
3969810
1126555
5944890
2261176
8824229
3807565
2114651
3987729
3568138
2320117
7395107
6757827
3000164
9194846
912335
6600197
6567862
9057493
2070978
454627
5106536
4903480
1613859
965921
3806787
9990290
7112343
9077737
8309272
2273082
8154921
6089456
5203692
9577956
270227
3146596
424667
445719
3051280
5630971
4373895
2833184
4045635
4504108
4551636
8866724
9243110
568657
7870230
7679192
5756480
7263095
8867407
9801416
2597290
8916199
375853
8426821
5279530
8336354
6915735
5792727
7829175
7729488
3303341
1472837
8980829
4027586
1994044
3183144
941734
7212587
9838875
7069504
1636301
8713346
351003
2970766
8283049
8588305
5859624
5070224
5172525
8485858
5549318
9384496
3190429
9108234
1609102
7074433
9757186
4927051
6572374
4104273
5259351
1974776
5963682
2548825
1903286
692653
6879709
8376226
239248
2396763
6351341
2185909
7495382
4982866
8610461
3453056
7253655
8404987
3269221
6090475
3282280
4535751
942461
6217826
4351152
6079473
5553460
3123887
326016
6636183
936176
2133095
7358225
8073263
6186544
9279706
4661865
8947634
8433572
3372165
7454307
3125548
6136808
7905729
5998740
8649845
3182024
786087
8580819
7635919
456433
9205083
8932365
4778798
982558
5561060
8186674
1155494
3630203
7606930
924064
764585
4974667
7691154
2320648
6141570
7848434
672647
8379320
9996947
9150364
6035055
7804841
8714584
7355784
6930939
4143780
1829104
7599400
3538714
3610736
6717378
8723353
558436
1279257
9582914
1401471
9710640
1296698
1228129
962695
5013650
5726823
3121432
9181277
9328513
5519411
451466
8511564
8302229
8800257
6613498
3178443
8936532
6330205
2262991
783963
6032091
63527
4284961
8745976
7369938
6977655
5444748
3693580
7118158
9179556
2206760
3008631
1444871
7052954
7059284
77834
3287653
7154048
8110242
4248704
9908797
7497021
3512022
8798274
2302734
5935290
6905000
4835441
7223239
8302253
6166204
4751093
6265544
4235476
7972538
6552276
1337748
8857345
3445237
7914365
9603507
7213494
7691611
1781582
1187300
1631033
6319313
1265288
5401725
1716008
8496205
2864551
6331888
3815341
3076144
2863188
7432942
3068326
1441855
4613520
2069735
4603053
4192695
8866511
911405
1294791
9711343
7292281
3497673
6357675
2735867
3313623
8647099
2695911
7267833
1378027
7710218
7768789
3804573
7764291
8145083
7212544
2289730
4482995
4604344
2802411
1270192
3249484
2001625
775051
4019659
2081562
7173190
1339665
4891071
4989750
8520709
4046249
3608237
4035480
6769715
148724
425888
8978267
7678059
1342740
5055946
7927433
1079108
9454724
99085
3921225
9929953
6773593
5038625
8360669
3493586
1375188
7260091
166102
5260527
7570547
6918477
3031272
308425
2199643
133835
4164480
4718665
775655
3582098
5196287
2034014
9200742
5865860
4507255
1421249
9503881
1915997
1895673
6308030
1882098
528934
1964359
1093842
385817
7942162
7585289
2133286
7155140
3228315
3427436
9592250
2234768
2965216
6133744
1804716
2554359
3992341
8380019
1643289
7585074
7660520
6681238
8648033
7417945
1130213
7578723
4503765
2967098
7285579
4742939
9375113
8486084
1158838
9089985
3891484
2774025
4334182
1165988
5374254
7362113
2289336
863324
232610
4809898
8130743
7980324
4253148
9792455
2972264
3668594
4973026
8306514
2033612
6422318
6335817
4570848
4169291
1359479
6179629
9703837
9420034
1275185
3436391
430805
3563162
4237957
4569564
1490178
3426490
4141156
5142972
8700912
6216821
8257769
6932522
4224092
3793215
3727456
8902769
2326822
558577
1242528
7595254
9283139
7639480
8760558
104683
4217699
6229634
4653953
706224
3272785
4302702
7600142
2356620
9709819
9634395
6464499
4746306
5964276
2883880
1704297
8194614
98361
8106855
1331999
6219892
8331590
8765092
9813057
1599167
1668378
2683583
5737062
9419160
5632853
7273243
6134828
1834641
2624721
5375209
5756157
6524636
5545944
8171689
9241013
5091500
7878543
3866106
2654747
5424554
4176615
6295683
8227639
1636589
7114427
5767216
5118460
527705
38361
2209912
5836846
9919013
8779598
9127446
5782134
4243178
9912387
7207765
3958277
8955139
2255799
7679569
6690699
421665
1206478
5054574
7336359
5586742
9351458
2223911
7140026
5677680
7267335
12638
6771550
2954610
5920531
6695864
8205515
4519369
7003636
7503002
230325
5735461
7201357
4509505
6412762
1339216
7461170
7729157
410625
8861777
5178015
4439559
357910
6091809
5671433
6430059
7359665
2158899
6441640
7225873
3044433
4114119
2457465
2591763
8571096
784032
156668
24305
7370948
9262522
5733965
1910643
9418657
6824360
857688
9793787
4260259
9128967
128558
1827846
5668756
4255175
2969975
7628111
820
6807852
8987833
9042793
5874148
212382
9172032
859694
1034345
6417629
3820086
3390119
4339462
882642
3602615
3880631
6899622
8947259
9227665
5391073
9325263
1283381
8213766
4765386
3492467
3207767
9022329
3507208
5660921
4205429
5201122
4216725
2468406
8226659
2990515
1474655
1758025
5447310
6458616
7611610
888405
9362420
1686587
9505359
5301708
7730353
8252330
743618
2257230
6923741
5248419
8688998
2030862
9720853
8372812
8231567
4867637
1220419
5499389
6858523
4322960
6025904
2045810
7339653
4184163
4954460
5672012
8708488
2269660
5687286
433884
1083339
1825837
8836171
11373
9427075
3591250
8603997
9085103
6707973
4391858
759305
3827200
3218990
7174724
8846908
5988548
9574992
1909317
5886600
7124002
1672137
5017930
8906753
3182353
5750822
2408763
5837467
9596227
9695798
4308574
2963446
8312937
3576237
1202618
9291479
9559373
9671085
977025
9340124
5294058
225133
64845
9640751
5898569
3388101
4370320
7832670
5192967
7960087
9593555
158908
16885
3344229
5380604
1592661
7752
5689871
3027836
2706629
2561206
7351335
2659759
8709353
9176838
7245204
6841591
8904611
3658168
8032356
9915424
5518606
3214117
7054357
6852036
3632267
9649512
9615019
5146195
291687
3677336
6536013
4592313
3863586
8496756
13185
4184842
5217458
2723230
2022512
1196445
3550897
6768314
408911
3379029
5394772
1703011
2602824
2104180
9720174
5892936
5835217
1866312
7257680
2701545
3971479
6847409
4356424
769590
6841011
680014
2730750
1143152
5842124
5220237
6550816
4399404
7050756
2560707
8160210
1120121
8613096
502118
5307494
6098792
1432619
157907
5630599
6059793
813743
6127177
9714635
306624
5521514
8288932
6478139
3776449
7398565
2329250
6853821
8887729
2236717
651922
5579638
3035877
7258000
1517226
6776204
701833
7220573
2156203
1817964
3782660
3334085
2932224
3564835
6690161
7339899
4402307
5927304
8651493
1058010
7334341
7962504
5317206
8739372
3706120
8823011
5301613
6606235
8907780
5820619
6179927
942994
8349513
6234378
103069
1506686
161613
6284249
7542062
9643
2959756
7897196
2940729
308292
4329017
6726966
5712810
7697186
3577238
426550
7139605
4486898
3848162
2052455
3202419
4687965
6587726
7470942
7811102
3387619
6029682
7028292
3228161
5467748
2746889
3926584
9170004
8322356
7817533
4879864
1526230
745814
7919028
8950243
3089739
8954204
9892866
7135942
8345488
1427880
8195248
9144467
6421030
9556658
2468610
1888168
8477204
7818263
1678172
3034943
1975913
7534584
5661953
7216156
6317609
3177612
5356631
4436616
8936726
5318279
7006163
7291630
4716779
2257996
9828511
2586744
9410129
118448
882478
2301300
3335673
8406370
3517796
316638
4583987
7728455
4014132
3044048
2542288
5449160
6452636
2902604
1708332
8147094
9724899
677413
1250515
1420378
9530967
7625041
6027429
5392797
1078604
867555
1206640
8636570
1524154
9059046
5471237
2454824
402334
2130131
6265302
8713150
7683212
5812961
6919493
8210606
7266347
9137878
2358717
5635303
3171199
5645771
7590213
3613966
2017077
5964641
9820493
2187082
8038644
3307754
4310312
7901526
5660203
7447803
7048000
9267127
6659855
8079229
7021864
564186
1062445
560249
829471
3579591
2211636
1902439
9521025
2051069
9140879
5877855
4032570
856853
1358083
3846595
8711393
3138011
9015650
1632530
2694757
7362618
8732850
7976646
5261242
227147
7977962
897898
7728989
9753901
7340155
1583961
9955928
5766110
6297038
3609910
1208494
4425334
9295951
3295845
858988
6203710
866108
9755307
1504953
9079858
9592582
2676163
4558797
9848019
838528
7837545
9859097
2397866
4146639
1629839
346187
487397
2164155
4662782
3723802
5918523
7332240
6659993
3750204
9742725
6509638
2142774
3268330
2957187
1036521
3345763
8461530
9013961
8856350
7023551
6695519
4543342
6504585
181906
8981752
4083203
6707071
427730
949852
1297612
5165696
1249521
1086991
7285093
4260443
9280780
1675266
4248635
2665491
6069268
4780863
9372506
1551295
8182682
6105978
2834089
8666981
7694531
3675468
5318593
1215636
1527024
3294939
4029192
4113422
3204332
9657204
3487378
2200091
7957865
646321
1916187
3130814
2103021
7454021
4967137
9268489
7917901
2144997
9028205
3638166
2632205
8101669
2390770
550083
1424559
6590078
2875962
5182654
3592198
2927169
6794320
3869826
3458257
688863
4102059
7019553
3951676
5187909
6627396
8059725
9813940
9263981
1525572
5592379
7221847
572815
1013117
1836522
9959419
2303099
3215357
8932350
3575210
3284842
1248167
7679716
9958978
5247319
4504786
1968791
1782522
7876144
2416581
295602
4283377
7138995
7164906
1932438
1221694
8770060
8976129
6250062
4950402
5394583
8434268
1656614
1685376
4229000
1383099
3517035
2216714
5676903
5779564
9416012
1602808
7994405
6167461
4662122
8708023
9082996
8385562
500994
6321584
1525901
6787786
6998013
7803893
5012810
3567133
6884117
8367044
9152559
8537492
5111396
5068847
3833644
9479267
63505
6051449
5923340
511906
7678152
3200285
7449920
786667
8838817
8245236
2193584
7944127
2274735
8398234
7543099
6815355
9989605
8773106
3491246
7743720
8762217
4666493
7991150
4634238
7158399
2452859
7554636
8458229
3177953
523049
3000345
1586312
1396760
1902071
1819404
6388486
9893368
9605874
1268142
72117
2186739
7350760
2252914
1087955
4469525
5991160
4880594
1272382
744802
640071
2213249
9487750
6646265
5283197
8574196
2144211
7659652
2092763
3267696
6426984
8526599
8472492
3012611
7888398
8075045
857425
6281485
6544761
3283629
4329329
638940
4806617
5718994
4240452
6527245
7112111
7314755
7352282
3235579
8687029
9348818
4587658
2662114
2012752
162428
3333562
9961902
4716085
532327
5816948
5476249
6568276
2742069
755186
6618975
776255
3991400
1257636
8396657
3917525
4371513
6034083
1499047
2782252
7642809
9755312
2037315
4440978
1776305
8224287
2512689
510054
793465
2914738
5196123
2396394
1837473
694687
2396952
3769738
782642
7151047
5241704
1263026
8808325
192559
9180461
7780853
6146483
6597060
2775990
8900405
3029545
2792601
9481658
3367766
3654596
7254937
13170
9002871
2056707
5641479
3619611
2736540
9725870
4148555
7924638
7633211
7852754
8232573
4089772
4589286
6696518
6557894
9025243
4023272
8563373
5093848
2871653
2521633
6876580
9200350
1490474
2937730
4440473
6585552
459980
8426008
2266040
4637290
2339126
7529938
7576639
9717646
7294227
3735964
3885902
3561730
3958177
4525877
4185727
4039032
3975825
293070
5730267
5633324
9321247
8750022
8072063
8448882
2080730
8002579
4646792
6876476
9883158
9639507
9680865
6874341
6670617
2787084
5357244
4800918
4773162
1999872
4516943
6764017
5549842
8043684
6210670
3036174
5869888
2832224
1324138
1730954
7403527
1004765
4816082
7049916
6724305
6477239
351885
2902064
9143583
108610
6267350
3250323
6102697
4307715
8606571
9977193
7439413
1586747
6099016
4368734
2764876
9351587
1280069
9995028
6921954
3906724
9717113
2727796
5644539
1574192
845277
5253017
9504022
9865603
2856446
4390433
44501
7154409
6940190
1196795
5725631
6709374
4052694
2548938
2108173
4461394
7044225
1014065
7885998
733752
4628246
2828981
4922466
7445752
5247247
8015493
5989072
401659
9539431
2770819
2679408
3013884
8571495
6685592
5803693
5780822
9960595
435043
3975872
6346973
2480656
3369567
1181498
1446428
47893
9658382
5009598
7035878
1468871
9653873
8754296
5424028
1063650
2322544
9370451
549359
6557130
813285
5967833
7562862
1519239
1351512
5838545
8008665
6958404
8836108
7049173
6078453
9466013
8286036
2820376
9235258
6169371
4535026
8640947
398184
8256049
8086097
5300782
7151768
2669348
2589416
1617418
310780
951471
4591765
4002751
2954748
6901305
5047877
6823912
3420374
1055060
1750365
3349677
5811478
9742032
5334935
6323930
6210089
1877887
435873
3057426
676309
6753106
2733451
5850863
4178008
5729842
7483644
9041619
8929574
1345299
6788075
6239721
2186547
3853542
6986255
6595932
8299236
6360669
628147
4716273
1494189
7690024
6563909
7805043
4487908
2781419
6499495
2884758
4146547
2250446
4623588
4247489
3582724
8922028
1014247
1595471
9549713
783531
9839786
8758796
8114846
7355641
9984781
6898496
4368968
7262482
2782371
4519558
3353715
4664740
7981378
6688535
3363329
6990043
2845410
3389545
241708
1071578
3346353
6806185
2720093
1582644
5181713
9820834
3173238
5937251
9747083
5807156
4904331
9121175
9851289
247949
5985084
7764275
8369851
5230876
3162617
5085218
5691016
3363653
5903561
8565617
5401708
3144606
9642359
640930
2648251
3514280
1377065
5958373
3436912
6602683
4194017
2092068
5270328
4777282
5208655
707402
14313
5960587
9843174
6235065
9752901
5904567
9506276
1929093
6156166
4130437
4276545
3320288
813186
3468898
8368224
6222195
6767833
2091863
3095090
8563349
7397248
2981275
8731951
5777220
4594263
2984346
4796779
1648724
7924404
5723939
5625752
4397085
6381023
1290898
8290297
2531636
2148530
6325917
7733238
6391197
1419254
842173
5791887
2961233
9842070
2247116
2192729
4433405
1942947
1670721
825722
4401094
9758070
9428332
9346237
496583
5872033
3628266
9741976
4482847
453213
3534125
8411001
6983946
6217099
7528095
2328857
7995988
3871866
832258
1814116
9054502
291384
2292531
8029735
3574206
3151227
8312706
792747
8379186
5420986
525749
4284810
6594834
2600990
6589944
6768665
9659778
4531570
8922875
829847
169296
7100332
4090152
9079369
8022350
5390702
9087657
8410896
5338007
4155092
6934565
5442062
1235491
601386
6683077
5105566
583100
5328128
5153861
8685810
1415046
7331483
7963832
7938177
44632
2147485
8081395
5415014
6774931
3726452
3274913
5408796
1824283
2926757
47889
5079005
1642912
4127898
5999284
966408
4809246
1496038
8115564
771033
6875855
4700981
9288214
9877881
1869850
6481175
6141088
4824377
263903
4102906
9248780
4416088
1166431
5158269
3839376
3232412
992420
4957781
3493794
1519434
4211159
7913948
4786059
827102
7269255
7769927
2562837
2117368
7902817
7296426
3573616
3774360
8519418
2704520
6587871
6494735
1490025
3169314
3694305
580211
4132918
3543972
3940122
2663545
3408966
5048340
8699983
4427276
6115404
5081012
5000781
923203
210137
1495149
4095016
6973449
9554373
3143745
3483618
9926652
465038
4805006
7009834
5621240
6009949
8138416
1801893
4930150
3386167
424430
1036221
586955
7123209
2322177
9703229
9109158
7316822
611028
5929345
3132629
3045506
6067030
4287738
5148736
2495114
4732063
4267904
8121625
4107733
1892805
8283612
7880978
5681412
8860475
1926102
7697573
1180473
8614963
5975215
7089366
9195621
3673874
2978774
2122273
8530005
4378536
9975202
8813931
1177423
8863480
3173953
7923646
5589258
2466518
202761
5986259
9532299
5675727
2601519
9072121
2257845
7941254
2293925
4663250
5180752
7370285
557000
8715882
2501004
9630853
2189080
9985941
489044
3025243
4559105
6178330
3328788
3554595
7705226
2683494
471911
9576685
8552427
6818949
3358851
9057904
1649055
1081004
6815427
9474402
1772292
3742697
8313437
7885306
3437405
8332364
1595655
5429042
3731857
8033117
5314338
8517100
6539129
9602318
9157553
1342105
4801220
8277402
2840498
4910226
8670977
2650999
8275882
7711579
9930902
7916792
1996174
823798
7877384
7885849
9799776
7170055
7674023
8199897
3154768
5690045
9088079
1826736
2846735
256798
9905103
9800894
85712
561440
7905932
2142573
1167103
1351435
2942323
8786563
970611
2956712
3617965
7804234
4033994
6987873
5569791
2111125
3719547
4018030
5832498
2042650
7958016
3184178
6005876
156058
9864258
6376163
2395728
7740730
3935531
2568724
9844800
3207138
6701200
7857049
8429833
4238514
9596967
8333040
231956
226846
2973884
5101493
4356659
1754340
2526619
9460906
7375779
9543040
1215000
8848582
2550210
405339
8424401
1604307
6306823
6224641
2506340
4003197
984828
5044755
3229316
7543449
6853847
748740
8195232
2257773
8124571
2467394
861870
5230467
8958956
1724693
7986307
4576537
5155715
8096458
909845
2552917
1451347
1783060
6163743
7630945
7245139
942493
168871
6667360
2552056
6740857
3389695
566000
1310675
5458336
6665054
9868612
8725181
4160692
7284428
2039691
2361388
3289417
2915824
6683692
3986837
3413547
7080724
4368520
8455967
4061596
9703493
9605608
8607628
1720179
2809066
2285724
4442049
402980
7437989
6941370
5657643
3740678
3973354
9861905
3508295
5237717
8998555
8302335
6517977
5764384
2861842
4338175
7471900
9817776
2784143
9286255
9297875
554615
4567369
442774
6875671
5021715
3976274
1252634
6108187
9837525
1641195
7461353
1492829
1779287
889932
3130129
2092352
7133450
9341511
2552351
8606610
9294074
8010785
631051
6139368
3270159
1235842
889567
9813026
7966206
5640137
2127438
4122783
3499538
4615002
863475
2654026
9205495
6808725
2205309
6043497
2034424
8614568
2215513
3324453
3067017
718474
3044283
1507237
1646936
1875700
9762591
5436991
9172435
3452652
1261277
5674560
9574531
2411764
1438017
4682021
5998936
6185891
1621870
1573966
994276
6599897
1853292
7245803
3317708
6800531
3838165
5813029
2009749
5418529
7837534
6260998
9610998
3587265
6906302
4047752
5394322
2329117
4385608
1447290
5339959
6563015
489511
604215
8396759
886808
5578759
4499981
1714320
6890823
4898931
1954658
6833784
2985165
403458
8203747
740774
5998598
2463314
4038844
7310667
3812344
6683560
9840734
4630218
9477825
8590436
3749967
6385846
5284943
4119278
325867
5679194
2767959
3303804
3294079
4977766
967189
1937721
215464
971200
8699992
9145517
894821
9393975
3068734
1499058
3888003
7596254
6832958
674058
4531628
5532976
5946051
8949868
5274977
2464690
6127959
1464286
1580690
7123261
8567552
8844124
9459777
3833700
2580920
9985700
478159
1529694
8130215
3796430
5564102
4863026
3230815
8912983
1131189
7690069
4588211
2189266
4094528
7466960
5311951
6673488
119102
5423827
3738063
8095474
2187793
7612513
1436535
6771763
5264304
4452798
6395424
2137333
691916
8470941
9289861
4532500
931499
9370722
4391844
3310849
1251055
9244834
5897819
1464061
9757305
7652424
1145938
4833666
4052015
1415418
557179
1662722
8762450
3474998
8525160
3673061
8215758
8932919
4089875
5964301
8053494
6126848
9826817
7670107
2291470
6459185
2399152
8136346
5857651
589009
6304376
9788118
4871833
6371174
5341054
7379034
2856398
1594505
9661266
461257
336871
2427759
6441799
6337520
4559855
5880296
9563819
3474125
2962385
8221246
1464219
6685294
1801913
4253195
7703321
9598239
8287512
4926496
6958091
7043568
4662069
9628391
9858768
5088228
8710817
5952636
428384
9295449
3612755
5046415
8366312
5328451
1914330
232303
4039074
8149770
4888018
1922104
9815202
8399783
1023179
7489852
1868895
3874322
8758637
7965490
9450284
7520034
5748717
3230095
8561471
9759495
5809040
7937917
5588981
2648231
8549551
9652957
9620761
970770
2777089
5388887
3916973
2033650
3315876
5623395
5936746
9092698
7530682
4175476
2360592
1007673
6833781
2253535
2035040
9145732
204839
6963821
1303647
3685865
5850083
9621512
3414773
1180180
2886079
9761814
2942721
7968096
2974769
2945891
3560575
9426444
9186098
3620829
8192160
688286
4753744
3730962
5839307
7347547
6680555
729124
9290697
1879931
7870714
8097465
2918908
6705730
3403763
326757
6186886
2377652
8357356
4724276
9027104
8033109
3608408
6263233
139533
2098001
1836912
1265961
7572097
687848
9651745
7206658
9385749
5735240
7047282
256817
7114149
3077279
8176587
4618806
6129106
5548556
5116345
6822652
5417113
957488
4534715
6882021
2961522
9622376
9507494
1657196
7998999
3046925
4038970
3854665
1735080
549138
108923
2921361
4728737
7354733
543763
6744801
5674287
7036630
6065923
4028954
1882167
1534784
2339629
4884931
4256555
436116
9811928
7584542
3010659
9237180
6390293
9995056
3120066
2398760
835790
2097308
3887442
3741211
6228265
6146521
3018071
9738337
2876970
1025181
3179441
7784546
768687
5844554
7255843
7314941
3005663
8203308
8586863
3520509
2740468
3847182
2794755
2191904
6411589
9426754
93174
2740093
5641198
9789863
5190870
6392918
6133227
4642679
6355871
4282010
3660672
1541109
4618083
4720467
2516899
1112186
6047214
2965566
3348002
248441
9573900
1002115
7871021
3140772
1263729
5724781
16909
1967461
9459824
5931218
5858114
9157498
3591277
7478927
6797406
5024011
8587153
5104541
7542579
9401173
7280677
9561409
3355974
9249137
5904038
889506
6357063
6041259
7090763
4099027
1175370
4776430
5579294
4350987
9954709
8451936
3054200
8005980
4416182
223332
9525168
8231538
7553791
5803569
731859
5433672
5108531
6646523
6470066
825564
4446598
3739288
3220415
8988455
7452725
336813
9255100
6363834
7465538
3278367
8383252
2567093
6472187
4035689
3517546
9976438
1785234
7133436
9075604
2368094
4689559
9516533
1887739
1057945
8906747
1786379
9140071
5803243
8039620
5616954
3293945
1571872
7046399
8589795
6003188
2099784
797084
9227117
5930376
5475949
5515388
3726783
7769712
1484283
9094266
9255466
6548014
8459951
2328266
1506882
781588
597009
8206403
3778079
5002634
7910529
2166966
7723506
2763877
4163478
2328589
6192722
346853
1742470
9319834
8079999
1123791
2307797
7657735
5950990
3739768
4245600
2871619
3853555
7413408
1199755
5977502
3839056
2335318
324328
518652
5478090
512246
7843068
5796093
9300395
8458693
8932380
1052913
3885604
6502835
7418050
1302129
4348685
3309019
9456934
2925262
3497397
4807062
9901328
8373734
1026609
6128416
6536296
3535345
6631853
4036440
4328463
945551
3468032
4829828
9294283
5206943
6052472
5592492
706119
6167643
3061797
9394669
3572252
3778403
509713
2778593
40232
8996608
8365951
131909
5323864
3488820
2550014
3814387
3659318
6826245
3220089
9058837
4543143
373150
2555566
3357514
8274862
2023473
2880617
5764135
7492141
1315817
7189720
8585567
7852871
5478181
6553832
7824764
7393755
5342354
2911627
1129415
9832643
6956880
9543000
8166814
1462938
3940161
1600494
6850328
2077460
3755906
3679652
2557738
5896307
8930943
1235352
1350338
6524847
8054906
3658266
2437199
22946
4290572
8359842
8673325
5023503
5537049
4106461
7782291
7435884
6786999
8333444
907752
5153796
380196
4986669
2582304
11416
567493
8631987
3607416
5608345
5637602
7120287
2679200
7970775
4807219
2540026
2299984
8358330
87586
7778489
8469560
1420197
552721
1543766
3600980
8537431
8033550
2708209
5942707
5215393
6856240
7051510
2059627
7186042
3635492
9795925
2213422
7794305
6003552
6940552
1228309
8794598
5032357
9128635
3598410
3980633
3059307
2226072
9991899
3798697
6397580
8225778
3059775
2083528
7938626
7922861
7643951
8623801
6621099
6025993
9477812
9378651
3289829
5537215
990853
5502487
9244996
9627259
2048613
2313427
2119161
916827
4086031
5336189
9180042
8246373
2613127
7163261
9791375
6484401
5768026
9776227
1652325
9483720
6452323
1372622
2089312
9183123
3976115
6738574
2140255
9212978
9217101
2551956
842502
5864860
9658446
6300691
199232
7061077
3595001
1608659
3901416
5637311
9057364
4120530
6966985
2012862
8683809
9509550
423256
205878
2676765
7966608
7381246
6914751
7683167
4608319
3913716
1504128
5594042
1857127
3703748
2879971
5673855
6320866
3049751
2959577
1561353
8148345
3817108
8943171
3872265
5758115
7412938
1814824
5342781
9879554
9067085
6132160
4166707
6892881
7327272
4254969
3277061
9134322
4993158
3785941
2240391
5930497
296437
1908495
708435
162784
2226919
930645
8817482
8544780
2162801
9002824
7521671
6853048
8682761
9311247
3402198
8892060
7592029
3988425
5768965
117173
4071445
3780586
8770865
1406835
1109355
2235929
9454248
6507257
2962429
4094892
911391
586946
1508314
4112452
3279660
3620143
1585642
5004326
5844814
9903687
2232856
5225943
147919
76594
8290933
9010016
4100899
6438008
7312391
5070901
9632199
6916933
1349985
1242576
3951453
5417938
8414537
835380
3248250
3754137
4156734
9957896
1156577
7915805
3565919
3067199
271905
3190487
83039
2787880
1498236
4430966
601804
3719043
6707842
3878056
6384223
9873153
2878909
6849120
3677966
832137
9392458
7216412
1571683
7933698
6313341
4995039
501041
5426221
57639
4435090
8066994
5390449
8334540
8855676
1864694
389059
3885483
5064565
6881382
263661
4277487
7581007
1559140
4987276
1599310
2972852
9573120
4927762
1470919
2054804
7991857
2213693
9801825
4370216
1472784
8206499
7435572
6822405
8000007
4918246
2247735
2240155
4130896
327262
9775557
4160964
8976869
7259204
3889094
6258186
2976098
638392
8598669
7315342
6239827
3403321
2726794
1474327
6632045
3052512
1321888
8930513
7243512
2768854
7099697
4725297
281479
9310565
8054057
2740734
5291337
5561215
4321421
8429870
6192182
117318
9503964
7521850
494612
4673019
2449654
3239879
5706338
8179472
4205923
5369747
2624523
3618897
3198082
850919
78101
4509344
1988311
4506413
2548946
1143702
2330134
7377112
3340189
7155228
766733
6501049
6633710
2932741
9778897
7300835
3967956
2219063
4235668
6184177
7419045
5492478
9568717
67286
8143677
7228008
1511943
1569323
2842942
6832957
2320946
2721529
6576756
3067561
7063393
9548726
6748984
4848425
2566242
7540842
8580683
4699567
600034
3025562
2173220
2862179
5195491
8268929
5364668
2037418
800688
6625982
3048258
923844
4513086
4756875
331663
1839796
7423050
3293333
6859673
5106041
3287235
1970470
5133218
6134651
3213366
1166523
4691495
4461397
1931897
5535672
7040064
9656116
5360249
6929686
7148433
6114853
1934587
8401594
4640993
9296252
6860019
2013406
5218027
9523791
4050986
6427154
3906745
3127175
6477298
3171426
9135857
2842310
1582344
1919749
9467680
1496659
6060362
4827462
1045569
4138504
5113570
1607261
4701936
5106015
6379916
5529260
1060509
9623984
3058313
5080961
5180939
4319869
5174399
6245684
2437287
9598603
5031639
2634893
4052704
8978684
6730598
3404218
7292733
4980205
5194627
7934334
1569569
8781820
3655145
2952316
7365277
8554404
6588730
250737
3650619
6619957
8550925
965636
3197055
4519408
2557972
916089
4082593
3470421
887316
1329872
3412081
3424150
3893996
8940586
1316439
6219643
2955499
7240069
8671687
4258471
3915305
7854343
8216446
2570763
8030647
4162698
2988447
106784
7026021
5569407
5509794
8493067
5047274
6038692
4125251
9018812
5286866
5990809
2087763
779958
5392673
3837944
2725062
5421722
9992418
833614
9503270
7699541
9450004
5042537
1680870
9085654
6441176
5763702
6979542
2469352
4156688
7791353
8641976
2536620
4281524
3527499
681413
3100793
3609227
5124945
2167270
3897854
4408365
2550742
5841220
8842846
8158486
4612984
3564340
739820
2131966
9899769
9053438
6178066
5687181
7450547
968549
854641
411675
9504629
1759404
1824304
5385337
8261122
5723906
6440322
1691636
2792419
3242444
3858410
4290574
1598015
6757253
8570525
5073005
9622713
9057221
8095246
2032904
6898870
3116130
7608833
4153759
7409899
382250
213672
6580576
830566
4629435
9135396
1410788
9358559
2460671
8697074
4498403
4603889
9335490
8051053
8784461
147666
8255160
7300718
9060863
343648
6955167
9207494
2596985
6220800
3058185
19599
7247773
6016560
3460353
6063382
9446146
2337379
334962
6751925
9649218
8915636
9667537
1493239
35460
5139128
1934348
6907678
3552298
3844581
6495184
1320053
2442735
4343469
3034927
2124719
6404754
5471794
2086596
2436388
8412272
7101625
2500600
4528740
3998861
4193306
3469682
2677816
1714385
4066900
3863116
1248066
8560389
1930428
6573708
4362787
5103732
5339138
2003268
9727542
2931065
8744723
3075600
6660856
8205678
7676628
9335947
1383510
7484037
901031
1659801
1541564
7567673
8344890
7672985
776063
2010827
3947408
4794232
2108966
1319006
6870860
9442436
7816565
7932078
6439823
4373262
5515355
1183354
3235988
1018333
9618267
9286999
378251
6864035
4022460
9428239
6592038
7953921
5071732
8675731
1839257
3201329
8086861
4403004
7230847
4088483
6492120
6262745
3423360
4383705
5186881
4323058
4376209
6500612
326366
2549241
3523587
3465703
6507262
7820422
6400177
5256165
1902513
3195478
6575557
7698393
9412749
7860500
3674551
2135038
6330727
1515574
5963503
1080843
7346065
5333249
1160887
3257250
7982017
7281157
3712390
7947998
8457773
7355710
904798
3725787
6757458
8130191
8880914
3633202
6206762
767646
9717670
6834325
987637
5490782
885994
9081433
6513829
4213990
3714424
5423430
3621854
1030408
6951696
4461677
3488520
8680700
5175179
8997201
4114846
876216
1304140
8736547
6079300
7452492
8902318
4352680
4725461
42323
5687295
4563137
5135295
9348089
8922135
6109377
2508253
9862701
2405520
8963248
6794222
2044687
8759888
3681246
3055809
9048857
517015
7207901
5292152
1659045
8688424
1935318
7101065
31565
3927014
460834
4566103
3026663
2543693
5054394
9946395
3586806
4471079
2042077
8012350
1593202
8473959
44384
528791
1906256
4618431
5707831
8047960
5369602
1286435
8830127
620946
4191690
7524941
3352403
1042484
3682335
3402651
5916642
9393665
2309101
5895317
8166975
1645908
6795960
1881630
403793
3950532
2879367
8757597
2002856
1963650
2916005
4059854
7963963
6487007
9941848
7165385
5971182
2603522
1165064
1532502
4604771
5675907
255368
2196040
7085873
5086362
3107083
3905331
4579657
6347573
124312
8058816
8692421
8486511
1454154
8357898
94950
422077
2108951
9998584
3274418
502553
3539412
1302419
6970032
5360028
9007033
6235266
2504727
5438476
4185656
4896145
5571905
1619109
5200453
3893717
125999
1961685
5292667
492702
3965073
6674553
3389966
9183423
6139152
2642134
4317811
469155
3140156
3635848
7056196
3015075
5175408
6731772
5480538
9844640
456406
617261
6314671
8899788
7466270
5820755
8447397
1492573
1156294
6511034
3291049
3131687
4416107
2376029
1760806
7321685
6468501
5498315
2361367
5502174
7366624
5527526
4224686
216300
7065872
6290191
6930310
4996602
6297833
5923231
521691
2723618
2785502
7792870
5507393
2319726
7471961
4759380
5962857
2955535
6420697
104767
8946043
5493574
9180335
7443307
4362798
8191892
4403875
7922362
650679
950214
973020
9411953
9908369
9499193
362167
2740337
7667476
6500784
454548
1053553
5729665
9199007
9777938
1121311
5943023
8636098
3327366
6120234
6351035
8552830
5180822
4017145
8490177
3541157
6536201
1454159
338903
3762129
6107391
437143
9092516
8860733
3862181
4078490
3935416
9420552
785643
5212942
1629468
5682265
8385507
2633725
7712128
9010894
5297172
5852124
8336528
1254893
6690768
1187850
3134348
4983487
1067407
3894963
8992890
4306057
6209695
7423175
221962
6530189
7211511
9501862
7503338
4310420
3222124
8957592
991018
4242823
8752545
4307059
2964475
1617007
3966573
7876058
2105954
8234589
7438522
5807279
894752
3232636
795506
3828820
3030896
8764634
5583502
2490267
4158807
5842901
6235254
5004053
8616712
1687159
4908090
8707407
7452905
8463210
8379254
9203260
9686628
4546715
7768351
6117611
1848560
1809517
4220461
8396236
6307620
1074851
9102347
6017913
3468603
7784670
7063627
6716732
5079190
547490
545022
5590517
1134181
6251301
4110578
970822
6588821
5549502
8443536
2346958
2154129
6395482
6229674
9440867
9364972
778110
1901175
1388923
240454
3942983
2946221
144199
1710603
6021293
6664820
8020533
9070041
6022309
8598145
7378939
633353
6255893
398049
5925492
1432380
8129833
8824407
2766392
6316638
8282047
9105950
164802
4479747
2151455
2924527
8738113
6045163
7008771
9481608
3509902
9305889
5664596
1072284
5359538
4749593
6488069
5654638
6470817
5522250
4458819
2194730
1237765
3147813
9153478
7574398
4281625
9202996
7533266
8587246
2205287
4869310
7202286
8490121
2747015
3016555
2377145
1948229
8363874
7267795
6233996
3118028
3928443
6025289
5742325
5505268
1411497
9586806
1523064
9106332
7444338
3680005
6354367
5769116
1533296
4550372
8930267
1788843
5003051
406898
7769348
5366536
7318660
2631827
6825540
4636933
6633522
4702892
9006261
3893903
8120356
6548980
9919872
3100368
7503568
6960662
3876244
2006781
9065021
6289553
5734898
3380701
4657731
927228
7348367
4317453
744534
6584123
4779085
5039126
1440173
9873812
5323922
6004097
2509091
8962270
9970263
7320811
8249522
7496554
5779595
1570209
4793268
9790900
459265
4272762
6743910
6782874
5118807
5082754
3357698
4013530
3282341
9956686
7345276
2520854
3010104
1983925
5396814
209947
6816178
9635113
8501315
2603472
4388536
1126520
9040141
3198565
2731244
1311777
4249922
6370728
1522239
4086802
4138342
5595396
9092629
6592449
7540521
6930744
9294942
3280468
4437576
3205476
9062463
4533836
390145
2162103
7535424
6900769
8415233
7223253
9396813
6041299
9512570
8068447
7736388
3513504
888794
1185920
6509796
3226806
4234736
7137442
3463764
2324129
4616122
3665303
6611697
5127532
9649185
4737291
4921733
7084411
9090501
4583696
8085805
6507370
7198059
5961297
9523460
6290016
2534052
679608
2230002
1175147
8683172
2072378
239317
6110406
4996012
2520155
372141
9428245
8058778
662543
9544010
9938018
7398951
1480369
3342677
6559690
2267727
7649895
4399165
9117506
8395074
3070172
7685152
794444
6366503
1347713
2909632
1399390
2273537
5832714
3806994
3585779
9641028
8541090
4840155
1941939
634836
9630633
8313488
3045555
8668085
7040664
661188
4339791
7333019
1200894
7202086
4772615
5965961
851974
7901706
3368881
7480200
7388282
3419264
1300365
2386845
4582615
7634148
7066388
5938305
6808157
6017327
1925004
2951204
634083
977172
3372197
6685104
5349195
2903607
3016288
755654
833651
3832844
6159458
241546
8766563
3019506
7220807
1522063
9047358
3929904
5890112
833598
6981675
1670289
6800268
5292885
4783008
9959886
7543179
5072591
8545965
2440176
9879328
105954
8331182
9949648
4257762
9684849
288749
5397302
4875317
4641057
4552162
5454522
5976384
3446749
1638631
7757211
5474428
8074754
8061398
1492319
2366339
3358886
8547222
776268
5333038
4913601
4250470
8165532
4839450
1699212
889279
1864942
6073840
8743397
8644853
9613375
7926425
8766244
6915253
6588218
6482806
4823499
2125140
5113586
7204421
6656748
2594107
3105228
7784358
2059508
5364062
8230494
1367052
1771112
8391585
4670220
630832
2900179
30487
7913419
9213008
3196144
7118418
3501693
1933010
1602463
8666328
6233788
6510228
9388503
5041437
6334160
73261
9958913
8249295
1249167
3387787
2917079
9200899
5880265
5930857
7445884
5716244
7665101
765672
9953877
9483818
3084104
152337
5778163
4507084
7626379
6752001
6297960
5011532
8914233
3332307
9581331
8209215
8516402
7950792
3790223
1243063
5131965
8930248
3888584
3205077
42175
4949386
276861
8677042
2271149
117529
54736
3237858
9095811
4031130
1995577
3724306
7385148
807743
4333310
78897
4474493
3460771
4814014
365463
4188823
9425109
7344526
1719961
4842048
8328689
6183833
6026362
1345498
7965817
2042889
5808892
4707660
5814639
2304185
7667821
7044229
7048475
6035083
4273227
5921582
640100
2792873
6244232
1416138
4941904
8474281
8997283
3301949
7314760
9104335
9534307
3340557
9276382
3988760
4302592
4861501
3998247
5205618
8713066
605519
8293284
4007195
7080281
242365
4157797
9990980
8003743
3049599
3934576
7733409
5581698
2410107
6529496
9155536
7620443
4801864
9248553
7187678
3267983
9501066
2166778
8304658
4044383
1503557
571006
4857521
4104107
5935325
8739616
4897356
5483636
7431575
4660137
4818755
5418853
2362127
1406696
7349153
6312386
1330838
9942136
5376275
3439535
5524691
2009868
4299834
8716462
3734705
288372
9030455
5390675
5128425
9948194
501595
8475623
7685733
1992640
8959739
6750541
6093838
2940168
9842252
4771831
7363035
550291
1623634
8551111
6227980
3167665
1529028
5070786
4286172
1475157
790515
4217575
6699526
9009922
6136536
5501470
9452518
1242711
903816
4550914
6554018
6165003
4713332
2304472
8249555
2679774
4714709
7522339
6625090
315881
2171821
2805893
6286718
3814574
9086250
5745935
754282
7036524
3130625
7898884
7726451
9412034
4389964
5010473
4559452
6817001
2073851
3842270
3381727
5167883
7318435
6032802
6795726
2810264
4796415
724334
2067452
2292078
1723753
5664120
8621617
835488
2927164
5000560
2549658
2521297
517216
1668343
8506257
4951446
7569679
4521073
9326257
9143294
5196559
2805581
693611
4251010
5878893
766022
9776924
5626269
9820132
6862577
1832151
8485221
2559968
7133259
8863387
8971111
3127912
7501638
2147248
1698009
2984755
2923601
9257686
2536240
1332306
1216618
5686199
3085551
5687432
9714150
6366102
5142266
5202085
7019646
9369887
4127328
9028084
1563292
1655176
721472
2363740
8516385
3392589
8314487
7552455
4767822
4047600
2312282
2237441
1094882
1364149
9180460
1649814
2714369
719793
8153389
6215701
9163657
5123171
6500915
458411
1706504
3599744
9752779
9565534
7399264
2413647
7892238
3712845
1021421
984118
8777691
6217238
6040111
7323782
4027071
6685643
8262933
580913
1597335
4175403
793855
1676476
2855112
42317
8428124
9315291
5580571
8661978
7905768
885642
5570864
2041611
9553909
8696908
7312734
5587515
3466414
8704423
9793170
1397993
8761806
3958880
4933716
6359919
4158487
4761365
1344549
2580743
7219523
4392414
3339165
7390902
9431692
268287
7336460
6154713
9633078
5668274
2648759
628205
3346175
3581657
9828422
5983931
4561649
9445273
4546142
8641097
604939
1277237
7149422
4961
4981602
3836752
1770246
4819210
6479259
107939
7876364
834931
6831444
8850147
6686118
3956182
8256626
7071523
9633453
4045528
6149590
8011971
9735499
9512805
3233459
1570550
8504654
7478911
3882313
7483288
9644399
7450164
7557976
331497
7005814
9688717
4849892
8760378
8055127
9926573
7976747
2446600
7963926
9634476
5124856
7080173
3466734
104672
8301255
9373125
9407651
3688284
4664464
2821826
2740813
9878479
4412783
960103
2162122
6933883
6603464
9843240
2948619
3001341
5214138
7156878
8970828
3624661
2480136
4390263
6328050
3164847
7978837
2557922
6724130
6863404
5645707
8086039
8033692
8121310
6444405
6218993
41758
5448520
4210515
7059632
3821037
1742698
6448610
8759576
3600211
511712
4712088
9198713
2491776
6168958
7819630
5974880
157821
3411373
6091773
2519204
4241242
4525584
9144836
3043245
6197815
9296506
9984332
7602627
9268540
9014723
92712
3636668
7516934
1657830
6812888
1135528
2217717
4995667
5444761
9314485
3845269
3939748
7298602
9402824
1701641
915828
6614631
1977526
8351988
3853709
9528314
2383334
7801707
3877004
5197818
5396405
3507155
3260288
9637055
6882036
4134501
6822061
4330421
4866749
1961709
4983823
2318851
7158180
8772127
2500826
377531
6365079
6254009
5946823
1390711
7117811
4600287
3425271
5820670
8566056
5659043
3052821
6460422
1943038
9338610
6705315
6011141
1192081
6381000
6036083
2528475
9377715
1567077
8949190
9956672
3525486
7604267
5516428
524852
9338551
7610279
4927016
1990014
3136646
3427916
2233369
3577659
8423171
2657006
4483707
5379779
9568636
3721224
6475850
1303020
361035
9689288
8897225
6348122
3517204
5265759
9263087
4812201
3129544
8785425
7626593
5316450
7595664
2411463
1216362
6073809
8252989
9946680
5589959
5911919
7521864
4850829
5044896
7704736
531687
4495701
3727748
4878730
4216621
1254637
7518441
577251
7705204
773269
2203620
7772918
4919193
122151
615745
8590175
7877699
3536159
2774488
3128917
3440794
2706712
4288073
4696047
7639464
5230600
2501875
7358693
4391684
9646027
2319609
7758225
6286052
4517690
5460023
8727103
3824345
637029
6497642
5218454
2992663
2266289
2591560
1064844
1414397
9836963
1490692
3814814
7392413
6780393
5796551
6936388
3097415
3229133
4645821
2902178
9619079
7980589
223647
1762256
9401758
6829332
1050985
327955
8126026
7664398
1115956
5376779
8497041
8603117
5099377
514185
30917
2679083
2984632
5926474
3541145
668612
6917093
3159388
5118513
1793294
2659454
4117377
9289296
8449768
6732066
8874542
345206
7591007
9273018
175247
2729854
1510321
8912742
4680576
2842359
6291656
9864648
1715524
1933091
6688500
2302537
9257676
6656375
7540465
3196321
7523593
549519
3787160
1899469
620985
3129183
9212656
5051618
681378
3611475
8843256
2913113
6166227
3572903
9526402
2384595
2512371
3223179
3306756
5811621
7578455
7120427
5722923
5081791
6816453
4465699
9692847
2838765
9067644
2206271
7521628
8413639
9039477
1860665
831915
9880256
3357945
895395
8685086
6281885
9676286
4295793
4445485
17794
4373527
8459348
9431025
5025201
637890
8695119
8049447
8851747
9421273
4118857
3064726
8057599
6156891
6803488
5169545
1636171
6528436
5790654
9342164
1120955
8148593
3017074
2603537
3105084
6354437
4634417
9013096
6455442
1449265
8116063
9860168
4965139
9929981
951904
3604952
1617721
4125022
1664566
2222682
284161
8311014
3067518
4239917
4926712
6493972
686086
9890370
5627218
3245618
21273
174673
4924385
9550938
2974187
617041
8708350
2915189
5330039
2403780
9209132
9893967
9789707
4944885
3204532
1282634
1146789
1659378
4904751
8138303
142367
4093739
1354869
7244334
3140376
9979569
7489282
91052
7873293
9220640
8735143
2537103
1687486
6162104
8451189
9129169
2991065
7931663
7212236
7352840
5547776
5904994
6118096
3560620
2791547
3369164
663170
3200725
2269529
6125361
7799705
291005
2632681
1211459
8770233
7153118
3578660
7205165
4827059
2700875
2796622
3939710
5742129
9153981
6617306
8655165
4762500
6442503
7666491
5077636
3926259
9140752
9744784
5179069
9066626
3076946
3555559
9689518
2529952
6701505
2216142
3896055
8855994
7314724
1519006
1793797
1174986
2447582
1233229
1306976
4443005
2197987
2472716
1291201
2191669
1037914
3166637
4521708
7917288
5611635
7224911
8122078
505935
7501618
5046277
791976
2425486
5832976
1414987
2895551
5390647
5934809
5260562
9958928
9987042
5850602
6316548
3890354
8588760
8964051
4299234
9847631
6453655
4649809
4022918
950000
6375033
3102543
4476507
6327580
4560129
7366686
4433318
8638991
8567794
6889407
8251768
4649695
8282764
6667339
535414
6546396
1266227
1392158
8705525
2292471
3251987
5579404
9969085
9326523
9759190
6828140
5036105
4877497
8005741
6599373
8268359
3208810
9701365
4367691
3903368
4055647
1707457
9346540
248762
4968946
1243822
7501762
9958833
526618
7603807
664271
4141699
2071318
5039471
2462948
7175271
5455767
7527477
1229920
9338723
1661621
7679765
6153931
4445984
1872537
1138423
6392832
8782256
6679510
526413
2839005
3426426
8909466
7926546
8215322
978687
9664889
7135358
2594022
577706
6187430
3834954
3380501
5421765
2851360
8201256
7745006
7382833
3642286
6831125
2985558
2380019
4640467
3985433
853836
3554652
6348930
5310340
6317417
8434024
9243622
9861833
6926781
1559271
7901205
265156
7206096
4900691
9932499
7396966
4116268
9434967
1867376
4784220
2349768
7132835
7697618
4607189
9998725
3244078
7017559
7816888
5021836
3339520
6120008
5812042
9282791
5674535
756745
1875991
8508193
6212815
9977451
9430715
8221291
1508322
8040782
7282928
3717249
4536286
9934206
6620671
1263333
7442907
991608
567677
292010
561029
2483897
7037696
2650374
6997684
2010505
3845353
5173483
3488035
1965309
9258345
2799120
9217750
3251036
1259643
2128302
6059461
3854337
5154461
2717389
4116720
7239902
6515518
877858
9428608
7637855
1392305
5804743
3667835
1838532
2409676
5516352
9542015
4165880
1422019
5563997
